[27927.287099] [Project1]4813 1587962081.651570489 1587962082.767181941
[27929.520228] [Project1]4814 1587962083.872440921 1587962085.000396521
[27931.751452] [Project1]4815 1587962086.098868664 1587962087.231706657
[27934.017420] [Project1]4816 1587962088.351734757 1587962089.497760879
[27936.282420] [Project1]4817 1587962090.624839859 1587962091.762845505
[27938.536474] [Project1]4818 1587962092.883798902 1587962094.016983653
[27940.810152] [Project1]4819 1587962095.142040169 1587962096.290747729
[27943.112685] [Project1]4820 1587962097.413664523 1587962098.593365539
[27945.406473] [Project1]4821 1587962099.728129692 1587962100.887237210
[27947.678484] [Project1]4822 1587962102.017136805 1587962103.159338482
